37.1
43.8
38.1
37.1
39.6
45.9
37.1
45.4
38.4
39.0
45.4
35.5
39.1
38.6
36.7
40.0
46.8
38.6
39.5
39.2
38.1
36.8
38.8
37.4
39.2
38.1
44.1
38.4
37.7
44.4
39.0
38.7
36.6
38.0
38.7
39.9
43.7
36.6
42.5
45.7
38.6
37.1
44.7
38.8
38.6
39.3
43.6
36.9
43.8
39.2
38.3
42.9
38.8
46.4
38.2
38.5
39.1
36.8
37.2
38.4
39.7
48.0
38.1
39.2
46.3
37.5
38.6
35.8
38.4
40.1
39.7
38.2
38.0
38.2
42.8
38.3
36.6
37.7
43.1
37.8
38.2
39.0
43.4
37.1
39.4
37.7
45.0
39.1
37.1
37.3
37.7
37.0
36.5
37.2
37.8
37.9
38.7
37.3
41.8
37.7
37.8
38.5
36.7
38.4
43.5
38.7
38.9
37.7
36.8
43.6
39.7
44.7
37.9
39.1
38.0
36.3
38.0
37.3
39.5
44.7
44.7
38.3
38.5
37.4
38.0
37.5
45.1
44.4
38.6
46.0
39.4
38.9
39.2
40.6
38.3
38.7
37.4
40.7
37.6
39.7
40.2
41.6
37.5
42.5
38.8
36.0
40.2
40.2
37.2
42.1
40.0
38.4
38.9
40.8
39.0
38.4
38.7
39.7
39.2
40.3
38.5
37.4
42.1
44.9
39.3
42.7
40.4
36.5
38.0
38.7
38.4
39.9
44.3
39.5
37.5
44.6
39.2
38.8
39.7
38.1
40.3
46.2
38.4
39.4
39.1
37.9
47.5
38.0
40.1
37.6
39.2
40.3
38.7
43.1
39.9
41.0
40.0
41.2
41.1
39.9
42.7
40.8
41.6
40.7
37.4
41.5
39.7
40.7
42.2
39.3
40.7
41.4
39.7
39.3
40.5
40.6
42.6
41.3
40.4
37.7
41.0
39.6
37.9
39.7
39.1
40.4
37.0
40.1
39.5
46.4
49.3
38.1
41.1
37.1
41.3
40.5
40.1
41.0
41.8
40.2
41.0
41.0
42.2
43.3
37.9
39.4
37.3
41.6
39.4
36.7
49.0
39.5
37.5
43.8
40.5
42.6
41.1
38.9
42.6
44.5
45.9
39.0
47.3
37.8
45.2
36.1
39.8
40.7
39.2
44.7
